5174409885278673
5174409885278673
5162546943687694
5542153233491159
4539644408886270
5102544713266248
4485583597202457
5583981058769469
4929657931818618
4485346162763125
4556408767824464
4556028501977814
4556050714923013
5476927956068058
4556016934687563
4556506211184110
5338736713211861
4539130789405237
4716986019700498
5416253879118315
4539866779017249
4485821139465020
4716250170602351
5322753652656020
4916161221834778
4716312559073040
5447071080007322
5243398667182061
4485670031870807
4916057155567501
5153171362630470
4916120247563027
5596231903536340
4539459815062419
4485650000877231
5304768679608475
4532516063549475
4556769001377621
4929447801895122
5403911977956937
5415151110192084
5506859810796992
5597089256432320
5213839948506269
4532650710245128
5387549029113428
4485044864587880
4556497586652248
4532716591819610
5174004010927243
4539654006207969
4929964332856225
4532359321616681
5412360141852391
5142505416873301
4929048536047078
5290490149507486
4556294564611183
5310415215090303
5330172814250707
4716102881580857
5259825362799949
4916029546332531
4539311902861908
4556732454490192
4539819656662157
4916895899238651
5598611585678742
5505284347741463
4929806155451461
4539984699704364
5402179742194744
4929488735482306
4556991012779765
4556391224113475
5102944997429738
5347232558405924
5572984349955379
5449388900886422
4929342975960812
4929728735043479
5436029441822402
5556884784955506
5411152445568893
5145410132705118
5455525368289604
5286858752011572
4539725848709733
5492790825592959
5292457077548889
4929630127729972
5519848677304193
4485718009650089
5112426330217812
5276179891781138
5360930654437640
4929024968057661
5445988567873870
5531610473049867
4929304272760048
